Time	Day	Month	Year	NumWeek	Load	Load1	Temp	Temp1	IPI	IPI_CVS
1	1	1	1996	0.0188679245283019	51306.0267857143	61395.4791666667	5.86205357142857	-0.313095238095238	90.1	87.9
2	8	1	1996	0.0377358490566038	51071.6666666667	51306.0267857143	8.4889880952381	5.86205357142857	90.1	87.9
3	15	1	1996	0.0566037735849057	54406.9880952381	51071.6666666667	4.41919642857143	8.4889880952381	90.1	87.9
4	22	1	1996	0.0754716981132075	56737.6696428571	54406.9880952381	3.64940476190476	4.41919642857143	90.1	87.9
5	29	1	1996	0.0943396226415094	53877.1726190476	56737.6696428571	2.8297619047619	3.64940476190476	90.1	87.9
6	5	2	1996	0.113207547169811	57188.9970238095	53877.1726190476	2.40535714285714	2.8297619047619	88.4	88.1
7	12	2	1996	0.132075471698113	54949.4821428571	57188.9970238095	4.64330357142857	2.40535714285714	88.4	88.1
8	19	2	1996	0.150943396226415	57582.3035714286	54949.4821428571	1.90744047619048	4.64330357142857	88.4	88.1
9	26	2	1996	0.169811320754717	53453.2261904762	57582.3035714286	5.15952380952381	1.90744047619048	88.4	88.1
10	4	3	1996	0.188679245283019	52401.5476190476	53453.2261904762	4.94970238095238	5.15952380952381	93	88.6
11	11	3	1996	0.207547169811321	52336.4821428571	52401.5476190476	5.40684523809524	4.94970238095238	93	88.6
12	18	3	1996	0.226415094339623	47135.6398809524	52336.4821428571	10.1498511904762	5.40684523809524	93	88.6
13	25	3	1996	0.245283018867925	46483.244047619	47135.6398809524	7.32693452380952	10.1498511904762	93	88.6
14	1	4	1996	0.264150943396226	50268.2261904762	46483.244047619	6.12648809523809	7.32693452380952	87.2	87.7
15	8	4	1996	0.283018867924528	42785.5386904762	50268.2261904762	10.725744047619	6.12648809523809	87.2	87.7
16	15	4	1996	0.30188679245283	41374.8839285714	42785.5386904762	13.4282738095238	10.725744047619	87.2	87.7
17	22	4	1996	0.320754716981132	40246.7767857143	41374.8839285714	13.1784226190476	13.4282738095238	87.2	87.7
18	29	4	1996	0.339622641509434	39451.8898809524	40246.7767857143	10.9010416666667	13.1784226190476	87.2	87.7
19	6	5	1996	0.358490566037736	40862.1904761905	39451.8898809524	11.3151785714286	10.9010416666667	83.2	89.4
20	13	5	1996	0.377358490566038	40095.3482142857	40862.1904761905	12.3306547619048	11.3151785714286	83.2	89.4
21	20	5	1996	0.39622641509434	40077.3601190476	40095.3482142857	13.9877976190476	12.3306547619048	83.2	89.4
22	27	5	1996	0.415094339622642	37289.4642857143	40077.3601190476	15.9605654761905	13.9877976190476	83.2	89.4
23	3	6	1996	0.433962264150943	37943.5386904762	37289.4642857143	20.1833333333333	15.9605654761905	91.9	88
24	10	6	1996	0.452830188679245	38335.1636904762	37943.5386904762	19.9552083333333	20.1833333333333	91.9	88
25	17	6	1996	0.471698113207547	38324.5922619048	38335.1636904762	17.4799107142857	19.9552083333333	91.9	88
26	24	6	1996	0.490566037735849	38471.619047619	38324.5922619048	16.7590773809524	17.4799107142857	91.9	88
27	1	7	1996	0.509433962264151	38576.6785714286	38471.619047619	16.2462797619048	16.7590773809524	89.3	86.8
28	8	7	1996	0.528301886792453	38162.7142857143	38576.6785714286	17.8575892857143	16.2462797619048	89.3	86.8
29	15	7	1996	0.547169811320755	38792.1755952381	38162.7142857143	21.0306547619048	17.8575892857143	89.3	86.8
30	22	7	1996	0.566037735849057	37912.931547619	38792.1755952381	21.1284226190476	21.0306547619048	89.3	86.8
31	29	7	1996	0.584905660377358	35278.130952381	37912.931547619	20.1982142857143	21.1284226190476	89.3	86.8
32	5	8	1996	0.60377358490566	33005.6101190476	35278.130952381	19.5236607142857	20.1982142857143	64.6	88.8
33	12	8	1996	0.622641509433962	31651.75	33005.6101190476	19.4241071428571	19.5236607142857	64.6	88.8
34	19	8	1996	0.641509433962264	34569.943452381	31651.75	19.2325892857143	19.4241071428571	64.6	88.8
35	26	8	1996	0.660377358490566	37109.1994047619	34569.943452381	15.7168154761905	19.2325892857143	64.6	88.8
36	2	9	1996	0.679245283018868	38243.875	37109.1994047619	16.074255952381	15.7168154761905	92.9	88.8
37	9	9	1996	0.69811320754717	39040.7678571429	38243.875	13.9547619047619	16.074255952381	92.9	88.8
38	16	9	1996	0.716981132075472	39888.0119047619	39040.7678571429	13.2407738095238	13.9547619047619	92.9	88.8
39	23	9	1996	0.735849056603774	40303.4880952381	39888.0119047619	13.6980654761905	13.2407738095238	92.9	88.8
40	30	9	1996	0.754716981132076	41267.375	40303.4880952381	12.4471726190476	13.6980654761905	92.9	88.8
41	7	10	1996	0.773584905660377	43045.6220238095	41267.375	12.6111607142857	12.4471726190476	98.3	87.8
42	14	10	1996	0.792452830188679	43081.5833333333	43045.6220238095	12.069494047619	12.6111607142857	98.3	87.8
43	21	10	1996	0.811320754716981	42586.1547619048	43081.5833333333	13.1471726190476	12.069494047619	98.3	87.8
44	28	10	1996	0.830188679245283	43010.4970238095	42586.1547619048	11.6547619047619	13.1471726190476	98.3	87.8
45	4	11	1996	0.849056603773585	46338.0267857143	43010.4970238095	10.29375	11.6547619047619	91	88.8
46	11	11	1996	0.867924528301887	49380.5654761905	46338.0267857143	6.77886904761905	10.29375	91	88.8
47	18	11	1996	0.886792452830189	54534.0535714286	49380.5654761905	4.12366071428571	6.77886904761905	91	88.8
48	25	11	1996	0.905660377358491	54401.4107142857	54534.0535714286	5.88973214285714	4.12366071428571	91	88.8
49	2	12	1996	0.924528301886792	53403.505952381	54401.4107142857	6.61339285714286	5.88973214285714	89.3	89
50	9	12	1996	0.943396226415094	55459.619047619	53403.505952381	3.56889880952381	6.61339285714286	89.3	89
51	16	12	1996	0.962264150943396	54132.5476190476	55459.619047619	7.06785714285714	3.56889880952381	89.3	89
52	23	12	1996	0.981132075471698	55983.6547619048	54132.5476190476	-1.19434523809524	7.06785714285714	89.3	89
53	30	12	1996	1	62180.6279761905	55983.6547619048	-3.47068452380952	-1.19434523809524	89.3	89
54	6	1	1997	0.0188679245283019	61395.4791666667	62180.6279761905	-0.313095238095238	-3.47068452380952	90.7	88.3
55	13	1	1997	0.0377358490566038	58012.1696428571	61395.4791666667	2.77901785714286	-0.313095238095238	90.7	88.3
56	20	1	1997	0.0566037735849057	54716.875	58012.1696428571	6.58839285714286	2.77901785714286	90.7	88.3
57	27	1	1997	0.0754716981132075	57422.0625	54716.875	2.0796130952381	6.58839285714286	90.7	88.3
58	3	2	1997	0.0943396226415094	55241.9226190476	57422.0625	5.15267857142857	2.0796130952381	86.8	89.5
59	10	2	1997	0.113207547169811	52085.568452381	55241.9226190476	7.60833333333333	5.15267857142857	86.8	89.5
60	17	2	1997	0.132075471698113	50204.8928571429	52085.568452381	8.75773809523809	7.60833333333333	86.8	89.5
61	24	2	1997	0.150943396226415	47872.1041666667	50204.8928571429	10.3223214285714	8.75773809523809	86.8	89.5
62	3	3	1997	0.169811320754717	45395.7619047619	47872.1041666667	10.366369047619	10.3223214285714	91.6	89.2
63	10	3	1997	0.188679245283019	44414.2619047619	45395.7619047619	10.6520833333333	10.366369047619	91.6	89.2
64	17	3	1997	0.207547169811321	45024.3660714286	44414.2619047619	8.81488095238095	10.6520833333333	91.6	89.2
65	24	3	1997	0.226415094339623	44364.6845238095	45024.3660714286	9.74627976190476	8.81488095238095	91.6	89.2
66	31	3	1997	0.245283018867925	42840.0148809524	44364.6845238095	10.7309523809524	9.74627976190476	91.6	89.2
67	7	4	1997	0.264150943396226	43602.0089285714	42840.0148809524	10.8220238095238	10.7309523809524	93.7	92
68	14	4	1997	0.283018867924528	44278.9613095238	43602.0089285714	9.30133928571429	10.8220238095238	93.7	92
69	21	4	1997	0.30188679245283	44561.869047619	44278.9613095238	10.4113095238095	9.30133928571429	93.7	92
70	28	4	1997	0.320754716981132	38907.0208333333	44561.869047619	15.0104166666667	10.4113095238095	93.7	92
71	5	5	1997	0.339622641509434	40431.1458333333	38907.0208333333	10.8605654761905	15.0104166666667	84.9	90.8
72	12	5	1997	0.358490566037736	39716.7202380952	40431.1458333333	16.2409226190476	10.8605654761905	84.9	90.8
73	19	5	1997	0.377358490566038	38008.9583333333	39716.7202380952	15.0547619047619	16.2409226190476	84.9	90.8
74	26	5	1997	0.39622641509434	38884.1279761905	38008.9583333333	16.7455357142857	15.0547619047619	84.9	90.8
75	2	6	1997	0.415094339622642	39024.1636904762	38884.1279761905	18.5306547619048	16.7455357142857	96.9	91.3
76	9	6	1997	0.433962264150943	39115.6696428571	39024.1636904762	19.4297619047619	18.5306547619048	96.9	91.3
77	16	6	1997	0.452830188679245	39120.3869047619	39115.6696428571	16.1199404761905	19.4297619047619	96.9	91.3
78	23	6	1997	0.471698113207547	39567.6994047619	39120.3869047619	15.0025297619048	16.1199404761905	96.9	91.3
79	30	6	1997	0.490566037735849	39642.2410714286	39567.6994047619	15.2941964285714	15.0025297619048	96.9	91.3
80	7	7	1997	0.509433962264151	38975.6160714286	39642.2410714286	19.9595238095238	15.2941964285714	92.7	91.7
81	14	7	1997	0.528301886792453	37902.0327380952	38975.6160714286	19.260119047619	19.9595238095238	92.7	91.7
82	21	7	1997	0.547169811320755	39331.2976190476	37902.0327380952	20.3138392857143	19.260119047619	92.7	91.7
83	28	7	1997	0.566037735849057	38226.806547619	39331.2976190476	20.9354166666667	20.3138392857143	92.7	91.7
84	4	8	1997	0.584905660377358	35459.8630952381	38226.806547619	23.1005952380952	20.9354166666667	67.9	94.5
85	11	8	1997	0.60377358490566	34051.181547619	35459.8630952381	23.083630952381	23.1005952380952	67.9	94.5
86	18	8	1997	0.622641509433962	36763.1517857143	34051.181547619	23.4885416666667	23.083630952381	67.9	94.5
87	25	8	1997	0.641509433962264	38283.2083333333	36763.1517857143	19.4894345238095	23.4885416666667	67.9	94.5
88	1	9	1997	0.660377358490566	38518.318452381	38283.2083333333	18.25625	19.4894345238095	98.8	92.4
89	8	9	1997	0.679245283018868	39200.2291666667	38518.318452381	16.5703869047619	18.25625	98.8	92.4
90	15	9	1997	0.69811320754717	39173.3511904762	39200.2291666667	17.3191964285714	16.5703869047619	98.8	92.4
91	22	9	1997	0.716981132075472	39388.0505952381	39173.3511904762	16.7651785714286	17.3191964285714	98.8	92.4
92	29	9	1997	0.735849056603774	39954.3363095238	39388.0505952381	16.6665178571429	16.7651785714286	98.8	92.4
93	6	10	1997	0.754716981132076	41020.5416666667	39954.3363095238	16.760119047619	16.6665178571429	105.5	94.2
94	13	10	1997	0.773584905660377	43358.7142857143	41020.5416666667	12.1296130952381	16.760119047619	105.5	94.2
95	20	10	1997	0.792452830188679	44875.2708333333	43358.7142857143	10.5108630952381	12.1296130952381	105.5	94.2
96	27	10	1997	0.811320754716981	50750.0803571429	44875.2708333333	4.69404761904762	10.5108630952381	105.5	94.2
97	3	11	1997	0.830188679245283	47724.0148809524	50750.0803571429	10.7550595238095	4.69404761904762	93.9	92.8
98	10	11	1997	0.849056603773585	48173.1488095238	47724.0148809524	8.26949404761905	10.7550595238095	93.9	92.8
99	17	11	1997	0.867924528301887	50401.568452381	48173.1488095238	8.23541666666667	8.26949404761905	93.9	92.8
100	24	11	1997	0.886792452830189	50636.9761904762	50401.568452381	8.51175595238095	8.23541666666667	93.9	92.8
101	1	12	1997	0.905660377358491	55402.8452380952	50636.9761904762	2.62797619047619	8.51175595238095	96.4	94.3
102	8	12	1997	0.924528301886792	53630.556547619	55402.8452380952	7.38645833333333	2.62797619047619	96.4	94.3
103	15	12	1997	0.943396226415094	55998.7083333333	53630.556547619	5.5641369047619	7.38645833333333	96.4	94.3
104	22	12	1997	0.962264150943396	48486.2232142857	55998.7083333333	7.68839285714286	5.5641369047619	96.4	94.3
105	29	12	1997	0.981132075471698	48571.5357142857	48486.2232142857	7.20386904761905	7.68839285714286	96.4	94.3
106	5	1	1998	0.0188679245283019	52943.5148809524	48571.5357142857	8.14494047619048	7.20386904761905	94.2	94.5
107	12	1	1998	0.0377358490566038	53693.0089285714	52943.5148809524	7.37142857142857	8.14494047619048	94.2	94.5
108	19	1	1998	0.0566037735849057	58529.3392857143	53693.0089285714	2.40372023809524	7.37142857142857	94.2	94.5
109	26	1	1998	0.0754716981132075	60040.9761904762	58529.3392857143	-0.0610119047619048	2.40372023809524	94.2	94.5
110	2	2	1998	0.0943396226415094	58886.1398809524	60040.9761904762	1.38125	-0.0610119047619048	91.9	94.9
111	9	2	1998	0.113207547169811	53337.6607142857	58886.1398809524	7.18705357142857	1.38125	91.9	94.9
112	16	2	1998	0.132075471698113	50618.1785714286	53337.6607142857	8.53005952380952	7.18705357142857	91.9	94.9
113	23	2	1998	0.150943396226415	51302.7648809524	50618.1785714286	7.85014880952381	8.53005952380952	91.9	94.9
114	2	3	1998	0.169811320754717	49685.0773809524	51302.7648809524	10.2133928571429	7.85014880952381	100.7	94.5
115	9	3	1998	0.188679245283019	51456.5595238095	49685.0773809524	5.903125	10.2133928571429	100.7	94.5
116	16	3	1998	0.207547169811321	49013.8898809524	51456.5595238095	8.64910714285714	5.903125	100.7	94.5
117	23	3	1998	0.226415094339623	49203.8660714286	49013.8898809524	8.75773809523809	8.64910714285714	100.7	94.5
118	30	3	1998	0.245283018867925	45612.5386904762	49203.8660714286	11.9686011904762	8.75773809523809	100.7	94.5
119	6	4	1998	0.264150943396226	48976.8779761905	45612.5386904762	7.73184523809524	11.9686011904762	95.1	95.4
120	13	4	1998	0.283018867924528	50459.6130952381	48976.8779761905	6.59970238095238	7.73184523809524	95.1	95.4
121	20	4	1998	0.30188679245283	44816.380952381	50459.6130952381	13.1986607142857	6.59970238095238	95.1	95.4
122	27	4	1998	0.320754716981132	43681.6755952381	44816.380952381	10.8016369047619	13.1986607142857	95.1	95.4
123	4	5	1998	0.339622641509434	41554.9732142857	43681.6755952381	14.7534226190476	10.8016369047619	87.7	96
124	11	5	1998	0.358490566037736	39988.5505952381	41554.9732142857	19.7857142857143	14.7534226190476	87.7	96
125	18	5	1998	0.377358490566038	37899.1458333333	39988.5505952381	16.1934523809524	19.7857142857143	87.7	96
126	25	5	1998	0.39622641509434	40483.3779761905	37899.1458333333	14.906994047619	16.1934523809524	87.7	96
127	1	6	1998	0.415094339622642	38652.8303571429	40483.3779761905	18.4967261904762	14.906994047619	102.3	95.9
128	8	6	1998	0.433962264150943	40172.6220238095	38652.8303571429	15.2181547619048	18.4967261904762	102.3	95.9
129	15	6	1998	0.452830188679245	40282.681547619	40172.6220238095	18.53125	15.2181547619048	102.3	95.9
130	22	6	1998	0.471698113207547	40938.8273809524	40282.681547619	19.1364583333333	18.53125	102.3	95.9
131	29	6	1998	0.490566037735849	40706.8392857143	40938.8273809524	18.2065476190476	19.1364583333333	102.3	95.9
132	6	7	1998	0.509433962264151	40752.1875	40706.8392857143	18.3760416666667	18.2065476190476	96.1	95.3
133	13	7	1998	0.528301886792453	38535.6904761905	40752.1875	18.622619047619	18.3760416666667	96.1	95.3
134	20	7	1998	0.547169811320755	40621.119047619	38535.6904761905	21.4602678571429	18.622619047619	96.1	95.3
135	27	7	1998	0.566037735849057	38745.1517857143	40621.119047619	18.2965773809524	21.4602678571429	96.1	95.3
136	3	8	1998	0.584905660377358	35793.4791666667	38745.1517857143	21.4869047619048	18.2965773809524	68.6	93.9
137	10	8	1998	0.60377358490566	35672.3988095238	35793.4791666667	22.9806547619048	21.4869047619048	68.6	93.9
138	17	8	1998	0.622641509433962	36486.5505952381	35672.3988095238	19.9127976190476	22.9806547619048	68.6	93.9
139	24	8	1998	0.641509433962264	38652.5446428571	36486.5505952381	16.6248511904762	19.9127976190476	68.6	93.9
140	31	8	1998	0.660377358490566	40304.8482142857	38652.5446428571	18.8133928571429	16.6248511904762	68.6	93.9
141	7	9	1998	0.679245283018868	40376.3898809524	40304.8482142857	16.1272321428571	18.8133928571429	102	95
142	14	9	1998	0.69811320754717	41242.8988095238	40376.3898809524	14.6372023809524	16.1272321428571	102	95
143	21	9	1998	0.716981132075472	40838.2529761905	41242.8988095238	16.2720238095238	14.6372023809524	102	95
144	28	9	1998	0.735849056603774	42581.7410714286	40838.2529761905	13.303125	16.2720238095238	102	95
145	5	10	1998	0.754716981132076	46137.7142857143	42581.7410714286	11.024255952381	13.303125	103.9	94.9
146	12	10	1998	0.773584905660377	44527.931547619	46137.7142857143	13.208630952381	11.024255952381	103.9	94.9
147	19	10	1998	0.792452830188679	46091.4226190476	44527.931547619	12.0915178571429	13.208630952381	103.9	94.9
148	26	10	1998	0.811320754716981	47229.8125	46091.4226190476	11.0296130952381	12.0915178571429	103.9	94.9
149	2	11	1998	0.830188679245283	50177.3511904762	47229.8125	8.13080357142857	11.0296130952381	99.4	95.7
150	9	11	1998	0.849056603773585	49792.9077380952	50177.3511904762	7.96755952380952	8.13080357142857	99.4	95.7
151	16	11	1998	0.867924528301887	57033.806547619	49792.9077380952	0.804017857142857	7.96755952380952	99.4	95.7
152	23	11	1998	0.886792452830189	58296.1666666667	57033.806547619	2.74806547619048	0.804017857142857	99.4	95.7
153	30	11	1998	0.905660377358491	60856.9702380952	58296.1666666667	1.49196428571429	2.74806547619048	99.4	95.7
154	7	12	1998	0.924528301886792	58166.7232142857	60856.9702380952	5.66666666666667	1.49196428571429	97.8	94.9
155	14	12	1998	0.943396226415094	56246.931547619	58166.7232142857	6.28229166666667	5.66666666666667	97.8	94.9
156	21	12	1998	0.962264150943396	55055.8422619048	56246.931547619	4.16845238095238	6.28229166666667	97.8	94.9
157	28	12	1998	0.981132075471698	49431.3005952381	55055.8422619048	7.58139880952381	4.16845238095238	97.8	94.9
158	4	1	1999	0.0188679245283019	53740.9494047619	49431.3005952381	7.47857142857143	7.58139880952381	92.7	95.3
159	11	1	1999	0.0377358490566038	59049.5535714286	53740.9494047619	4.1921130952381	7.47857142857143	92.7	95.3
160	18	1	1999	0.0566037735849057	55769.9583333333	59049.5535714286	6.15758928571429	4.1921130952381	92.7	95.3
161	25	1	1999	0.0754716981132075	57005.0238095238	55769.9583333333	4.90193452380952	6.15758928571429	92.7	95.3
162	1	2	1999	0.0943396226415094	57447.9642857143	57005.0238095238	5.04538690476191	4.90193452380952	92.4	95.3
163	8	2	1999	0.113207547169811	60534.5119047619	57447.9642857143	0.329613095238095	5.04538690476191	92.4	95.3
164	15	2	1999	0.132075471698113	56117.3541666667	60534.5119047619	6.7546130952381	0.329613095238095	92.4	95.3
165	22	2	1999	0.150943396226415	55035.0386904762	56117.3541666667	5.82485119047619	6.7546130952381	92.4	95.3
166	1	3	1999	0.169811320754717	53767.9970238095	55035.0386904762	6.74568452380952	5.82485119047619	104.2	95.2
167	8	3	1999	0.188679245283019	50231.7797619048	53767.9970238095	9.73928571428571	6.74568452380952	104.2	95.2
168	15	3	1999	0.207547169811321	48196.1964285714	50231.7797619048	8.69717261904762	9.73928571428571	104.2	95.2
169	22	3	1999	0.226415094339623	49692.3244047619	48196.1964285714	8.40699404761905	8.69717261904762	104.2	95.2
170	29	3	1999	0.245283018867925	46434.9642857143	49692.3244047619	11.939880952381	8.40699404761905	104.2	95.2
171	5	4	1999	0.264150943396226	44320.8482142857	46434.9642857143	11.5809523809524	11.939880952381	94.9	95.5
172	12	4	1999	0.283018867924528	50533.619047619	44320.8482142857	7.16294642857143	11.5809523809524	94.9	95.5
173	19	4	1999	0.30188679245283	48217.5595238095	50533.619047619	10.5165178571429	7.16294642857143	94.9	95.5
174	26	4	1999	0.320754716981132	42740.0744047619	48217.5595238095	14.5877976190476	10.5165178571429	94.9	95.5
175	3	5	1999	0.339622641509434	41146.818452381	42740.0744047619	15.8470238095238	14.5877976190476	88.8	95.7
176	10	5	1999	0.358490566037736	39124.3363095238	41146.818452381	15.0505952380952	15.8470238095238	88.8	95.7
177	17	5	1999	0.377358490566038	41879.681547619	39124.3363095238	14.2827380952381	15.0505952380952	88.8	95.7
178	24	5	1999	0.39622641509434	39223.7023809524	41879.681547619	19.0799107142857	14.2827380952381	88.8	95.7
179	31	5	1999	0.415094339622642	40973.7738095238	39223.7023809524	17.2860119047619	19.0799107142857	88.8	95.7
180	7	6	1999	0.433962264150943	40818.9404761905	40973.7738095238	15.6127976190476	17.2860119047619	105.5	96.6
181	14	6	1999	0.452830188679245	41224.9464285714	40818.9404761905	18.3572916666667	15.6127976190476	105.5	96.6
182	21	6	1999	0.471698113207547	41556.8273809524	41224.9464285714	17.421130952381	18.3572916666667	105.5	96.6
183	28	6	1999	0.490566037735849	41947.193452381	41556.8273809524	19.9864583333333	17.421130952381	105.5	96.6
184	5	7	1999	0.509433962264151	41657.2142857143	41947.193452381	20.1501488095238	19.9864583333333	95.8	96.9
185	12	7	1999	0.528301886792453	40003.8541666667	41657.2142857143	21.0416666666667	20.1501488095238	95.8	96.9
186	19	7	1999	0.547169811320755	41549.2232142857	40003.8541666667	20.0986607142857	21.0416666666667	95.8	96.9
187	26	7	1999	0.566037735849057	40343.0625	41549.2232142857	22.4764880952381	20.0986607142857	95.8	96.9
188	2	8	1999	0.584905660377358	36685.7410714286	40343.0625	21.7891369047619	22.4764880952381	71.5	95
189	9	8	1999	0.60377358490566	35119.8422619048	36685.7410714286	18.8166666666667	21.7891369047619	71.5	95
190	16	8	1999	0.622641509433962	36679.5952380952	35119.8422619048	17.9787202380952	18.8166666666667	71.5	95
191	23	8	1999	0.641509433962264	39473.6428571429	36679.5952380952	21.0700892857143	17.9787202380952	71.5	95
192	30	8	1999	0.660377358490566	41259.3898809524	39473.6428571429	19.7741071428571	21.0700892857143	71.5	95
193	6	9	1999	0.679245283018868	41799.380952381	41259.3898809524	20.405505952381	19.7741071428571	104.2	97.9
194	13	9	1999	0.69811320754717	41537.25	41799.380952381	16.9229166666667	20.405505952381	104.2	97.9
195	20	9	1999	0.716981132075472	41686.4970238095	41537.25	17.5879464285714	16.9229166666667	104.2	97.9
196	27	9	1999	0.735849056603774	42472.8273809524	41686.4970238095	15.3547619047619	17.5879464285714	104.2	97.9
197	4	10	1999	0.754716981132076	45733.9642857143	42472.8273809524	11.0775297619048	15.3547619047619	105.3	98.6
198	11	10	1999	0.773584905660377	45781.0535714286	45733.9642857143	12.4727678571429	11.0775297619048	105.3	98.6
199	18	10	1999	0.792452830188679	47977.9196428571	45781.0535714286	11.5452380952381	12.4727678571429	105.3	98.6
200	25	10	1999	0.811320754716981	46223.9910714286	47977.9196428571	13.3276785714286	11.5452380952381	105.3	98.6
201	1	11	1999	0.830188679245283	47850.0863095238	46223.9910714286	9.91116071428571	13.3276785714286	103.3	98.8
202	8	11	1999	0.849056603773585	51667.8392857143	47850.0863095238	7.34345238095238	9.91116071428571	103.3	98.8
203	15	11	1999	0.867924528301887	57647.7351190476	51667.8392857143	2.73303571428571	7.34345238095238	103.3	98.8
204	22	11	1999	0.886792452830189	57278.3035714286	57647.7351190476	5.10550595238095	2.73303571428571	103.3	98.8
205	29	11	1999	0.905660377358491	56729.2827380952	57278.3035714286	6.45431547619048	5.10550595238095	103.3	98.8
206	6	12	1999	0.924528301886792	56983.1726190476	56729.2827380952	7.01696428571429	6.45431547619048	102.4	98
207	13	12	1999	0.943396226415094	58389.994047619	56983.1726190476	4.16875	7.01696428571429	102.4	98
208	20	12	1999	0.962264150943396	57715.2589285714	58389.994047619	4.6952380952381	4.16875	102.4	98
209	27	12	1999	0.981132075471698	52392.4583333333	57715.2589285714	4.76354166666667	4.6952380952381	102.4	98
210	3	1	2000	0.0188679245283019	56855.9642857143	52392.4583333333	6.10104166666667	4.76354166666667	98.1	98.7
211	10	1	2000	0.0377358490566038	62621.3392857143	56855.9642857143	1.98482142857143	6.10104166666667	98.1	98.7
212	17	1	2000	0.0566037735849057	61186.568452381	62621.3392857143	3.87008928571429	1.98482142857143	98.1	98.7
213	24	1	2000	0.0754716981132075	61633.9821428571	61186.568452381	2.09553571428571	3.87008928571429	98.1	98.7
214	31	1	2000	0.0943396226415094	56534.818452381	61633.9821428571	7.2483630952381	2.09553571428571	98.1	98.7
215	7	2	2000	0.113207547169811	56353.1696428571	56534.818452381	7.04806547619048	7.2483630952381	99	98.8
216	14	2	2000	0.132075471698113	56191.6785714286	56353.1696428571	6.703125	7.04806547619048	99	98.8
217	21	2	2000	0.150943396226415	54979.4583333333	56191.6785714286	6.70550595238095	6.703125	99	98.8
218	28	2	2000	0.169811320754717	54725.4136904762	54979.4583333333	6.88616071428571	6.70550595238095	99	98.8
219	6	3	2000	0.188679245283019	51631.1398809524	54725.4136904762	9.29806547619048	6.88616071428571	109.4	99
220	13	3	2000	0.207547169811321	50531.7142857143	51631.1398809524	8.65372023809524	9.29806547619048	109.4	99
221	20	3	2000	0.226415094339623	48947.6369047619	50531.7142857143	9.24360119047619	8.65372023809524	109.4	99
222	27	3	2000	0.245283018867925	53169.2053571429	48947.6369047619	6.90505952380952	9.24360119047619	109.4	99
223	3	4	2000	0.264150943396226	51653.9494047619	53169.2053571429	8.78035714285714	6.90505952380952	94.8	99.4
224	10	4	2000	0.283018867924528	51527.6875	51653.9494047619	8.91666666666667	8.78035714285714	94.8	99.4
225	17	4	2000	0.30188679245283	47428.3928571429	51527.6875	12.4642857142857	8.91666666666667	94.8	99.4
226	24	4	2000	0.320754716981132	44384.9196428571	47428.3928571429	12.9087797619048	12.4642857142857	94.8	99.4
227	1	5	2000	0.339622641509434	41662.0327380952	44384.9196428571	15.9816964285714	12.9087797619048	98.6	100.3
228	8	5	2000	0.358490566037736	40858.4523809524	41662.0327380952	17.8114583333333	15.9816964285714	98.6	100.3
229	15	5	2000	0.377358490566038	42272.8452380952	40858.4523809524	15.3297619047619	17.8114583333333	98.6	100.3
230	22	5	2000	0.39622641509434	42578.7410714286	42272.8452380952	14.9263392857143	15.3297619047619	98.6	100.3
231	29	5	2000	0.415094339622642	40454.0297619048	42578.7410714286	17.1053571428571	14.9263392857143	98.6	100.3
232	5	6	2000	0.433962264150943	41780.7291666667	40454.0297619048	16.6691964285714	17.1053571428571	103.5	99.3
233	12	6	2000	0.452830188679245	40697.8839285714	41780.7291666667	19.719494047619	16.6691964285714	103.5	99.3
234	19	6	2000	0.471698113207547	42669.5208333333	40697.8839285714	19.2668154761905	19.719494047619	103.5	99.3
235	26	6	2000	0.490566037735849	43023.0803571429	42669.5208333333	19.2209821428571	19.2668154761905	103.5	99.3
236	3	7	2000	0.509433962264151	42581.6488095238	43023.0803571429	18.41875	19.2209821428571	96.7	100.5
237	10	7	2000	0.528301886792453	40562.5416666667	42581.6488095238	14.924255952381	18.41875	96.7	100.5
238	17	7	2000	0.547169811320755	41991.7023809524	40562.5416666667	18.7309523809524	14.924255952381	96.7	100.5
239	24	7	2000	0.566037735849057	40826.25	41991.7023809524	18.7084821428571	18.7309523809524	96.7	100.5
240	31	7	2000	0.584905660377358	38172.8273809524	40826.25	19.1035714285714	18.7084821428571	96.7	100.5
241	7	8	2000	0.60377358490566	37556.5208333333	38172.8273809524	21.408630952381	19.1035714285714	75.5	99.8
242	14	8	2000	0.622641509433962	37027.4345238095	37556.5208333333	21.4108630952381	21.408630952381	75.5	99.8
243	21	8	2000	0.641509433962264	39985.2767857143	37027.4345238095	20.4199404761905	21.4108630952381	75.5	99.8
244	28	8	2000	0.660377358490566	41555.5267857143	39985.2767857143	17.5715773809524	20.4199404761905	75.5	99.8
245	4	9	2000	0.679245283018868	42395.1636904762	41555.5267857143	17.4386904761905	17.5715773809524	104.6	100
246	11	9	2000	0.69811320754717	42848.6696428571	42395.1636904762	18.5528273809524	17.4386904761905	104.6	100
247	18	9	2000	0.716981132075472	42574.1488095238	42848.6696428571	16.1241071428571	18.5528273809524	104.6	100
248	25	9	2000	0.735849056603774	42947.8630952381	42574.1488095238	16.096130952381	16.1241071428571	104.6	100
249	2	10	2000	0.754716981132076	45471.3244047619	42947.8630952381	12.3918154761905	16.096130952381	109.8	101.4
250	9	10	2000	0.773584905660377	48249.4226190476	45471.3244047619	11.2020833333333	12.3918154761905	109.8	101.4
251	16	10	2000	0.792452830188679	47922.4702380952	48249.4226190476	13.0059523809524	11.2020833333333	109.8	101.4
252	23	10	2000	0.811320754716981	47549.1755952381	47922.4702380952	13.0001488095238	13.0059523809524	109.8	101.4
253	30	10	2000	0.830188679245283	49601.8511904762	47549.1755952381	9.5608630952381	13.0001488095238	109.8	101.4
254	6	11	2000	0.849056603773585	54259.2023809524	49601.8511904762	8.45625	9.5608630952381	107.3	101.1
255	13	11	2000	0.867924528301887	55774.181547619	54259.2023809524	7.35863095238095	8.45625	107.3	101.1
256	20	11	2000	0.886792452830189	56192.8303571429	55774.181547619	8.02336309523809	7.35863095238095	107.3	101.1
257	27	11	2000	0.905660377358491	53567.9583333333	56192.8303571429	10.5854166666667	8.02336309523809	107.3	101.1
258	4	12	2000	0.924528301886792	54040.6339285714	53567.9583333333	10.4424107142857	10.5854166666667	100.1	102.2
259	11	12	2000	0.943396226415094	55770.3125	54040.6339285714	8.19866071428571	10.4424107142857	100.1	102.2
260	18	12	2000	0.962264150943396	56812.1636904762	55770.3125	6.08839285714286	8.19866071428571	100.1	102.2
261	25	12	2000	0.981132075471698	54325.1666666667	56812.1636904762	3.740625	6.08839285714286	100.1	102.2
262	1	1	2001	1	55583.2321428571	54325.1666666667	7.79181547619048	3.740625	103.7	101.7
263	8	1	2001	0.0188679245283019	60188.8601190476	55583.2321428571	5.03244047619048	7.79181547619048	103.7	101.7
264	15	1	2001	0.0377358490566038	61976.9791666667	60188.8601190476	2.634375	5.03244047619048	103.7	101.7
265	22	1	2001	0.0566037735849057	58331.0327380952	61976.9791666667	7.21517857142857	2.634375	103.7	101.7
266	29	1	2001	0.0754716981132075	60499.318452381	58331.0327380952	4.55744047619048	7.21517857142857	103.7	101.7
267	5	2	2001	0.0943396226415094	56464.8571428571	60499.318452381	8.82663690476191	4.55744047619048	99.4	102
268	12	2	2001	0.113207547169811	56501.2857142857	56464.8571428571	6.26264880952381	8.82663690476191	99.4	102
269	19	2	2001	0.132075471698113	57736.5773809524	56501.2857142857	4.54479166666667	6.26264880952381	99.4	102
270	26	2	2001	0.150943396226415	60023.8333333333	57736.5773809524	3.47291666666667	4.54479166666667	99.4	102
271	5	3	2001	0.169811320754717	53210.4761904762	60023.8333333333	10.5232142857143	3.47291666666667	110.9	101.7
272	12	3	2001	0.188679245283019	52266.943452381	53210.4761904762	10.0613095238095	10.5232142857143	110.9	101.7
273	19	3	2001	0.207547169811321	50602.0208333333	52266.943452381	11.0410714285714	10.0613095238095	110.9	101.7
274	26	3	2001	0.226415094339623	49852.755952381	50602.0208333333	9.43898809523809	11.0410714285714	110.9	101.7
275	2	4	2001	0.245283018867925	48310.9047619048	49852.755952381	10.9377976190476	9.43898809523809	97.8	100.8
276	9	4	2001	0.264150943396226	51078.7351190476	48310.9047619048	8.60491071428571	10.9377976190476	97.8	100.8
277	16	4	2001	0.283018867924528	51452.880952381	51078.7351190476	6.72514880952381	8.60491071428571	97.8	100.8
278	23	4	2001	0.30188679245283	49005.0803571429	51452.880952381	11.1873511904762	6.72514880952381	97.8	100.8
279	30	4	2001	0.320754716981132	46046.2172619048	49005.0803571429	11.2684523809524	11.1873511904762	97.8	100.8
280	7	5	2001	0.339622641509434	43039.806547619	46046.2172619048	15.7706845238095	11.2684523809524	96.4	101.4
281	14	5	2001	0.358490566037736	43009.7797619048	43039.806547619	14.3241071428571	15.7706845238095	96.4	101.4
282	21	5	2001	0.377358490566038	40163.9732142857	43009.7797619048	18.21875	14.3241071428571	96.4	101.4
283	28	5	2001	0.39622641509434	42526.8541666667	40163.9732142857	18.302380952381	18.21875	96.4	101.4
284	4	6	2001	0.415094339622642	41156.3005952381	42526.8541666667	15.314880952381	18.302380952381	105.9	101.2
285	11	6	2001	0.433962264150943	42545.6636904762	41156.3005952381	16.4247023809524	15.314880952381	105.9	101.2
286	18	6	2001	0.452830188679245	42645.4375	42545.6636904762	18.7050595238095	16.4247023809524	105.9	101.2
287	25	6	2001	0.471698113207547	43514.1696428571	42645.4375	21.6806547619048	18.7050595238095	105.9	101.2
288	2	7	2001	0.490566037735849	43024.0892857143	43514.1696428571	21.022619047619	21.6806547619048	100.4	101
289	9	7	2001	0.509433962264151	41854.6339285714	43024.0892857143	18.1683035714286	21.022619047619	100.4	101
290	16	7	2001	0.528301886792453	41567.5327380952	41854.6339285714	17.368005952381	18.1683035714286	100.4	101
291	23	7	2001	0.547169811320755	41644.9583333333	41567.5327380952	22.5232142857143	17.368005952381	100.4	101
292	30	7	2001	0.566037735849057	39552.0535714286	41644.9583333333	22.1199404761905	22.5232142857143	100.4	101
293	6	8	2001	0.584905660377358	36977.9672619048	39552.0535714286	18.4574404761905	22.1199404761905	77.6	101.8
294	13	8	2001	0.60377358490566	36294.7053571429	36977.9672619048	21.1071428571429	18.4574404761905	77.6	101.8
295	20	8	2001	0.622641509433962	40208.1994047619	36294.7053571429	22.5553571428571	21.1071428571429	77.6	101.8
296	27	8	2001	0.641509433962264	42164.255952381	40208.1994047619	18.7941964285714	22.5553571428571	77.6	101.8
297	3	9	2001	0.660377358490566	42677.2797619048	42164.255952381	15.691369047619	18.7941964285714	103.2	100.9
298	10	9	2001	0.679245283018868	43548.130952381	42677.2797619048	13.9337797619048	15.691369047619	103.2	100.9
299	17	9	2001	0.69811320754717	45050.0416666667	43548.130952381	13.0050595238095	13.9337797619048	103.2	100.9
300	24	9	2001	0.716981132075472	44733.2589285714	45050.0416666667	14.5395833333333	13.0050595238095	103.2	100.9
301	1	10	2001	0.735849056603774	44250.6398809524	44733.2589285714	16.7504464285714	14.5395833333333	109.9	99.3
302	8	10	2001	0.754716981132076	44873.4345238095	44250.6398809524	15.2860119047619	16.7504464285714	109.9	99.3
303	15	10	2001	0.773584905660377	44707.6785714286	44873.4345238095	15.4436011904762	15.2860119047619	109.9	99.3
304	22	10	2001	0.792452830188679	46280.369047619	44707.6785714286	13.7604166666667	15.4436011904762	109.9	99.3
305	29	10	2001	0.811320754716981	45924.1607142857	46280.369047619	10.815625	13.7604166666667	109.9	99.3
306	5	11	2001	0.830188679245283	55062.9136904762	45924.1607142857	6.95267857142857	10.815625	105.1	98.9
307	12	11	2001	0.849056603773585	59439.4107142857	55062.9136904762	5.11190476190476	6.95267857142857	105.1	98.9
308	19	11	2001	0.867924528301887	59011.8214285714	59439.4107142857	5.09910714285714	5.11190476190476	105.1	98.9
309	26	11	2001	0.886792452830189	56970.6041666667	59011.8214285714	8.27336309523809	5.09910714285714	105.1	98.9
310	3	12	2001	0.905660377358491	57424.4791666667	56970.6041666667	6.66830357142857	8.27336309523809	96.9	99.6
311	10	12	2001	0.924528301886792	67492.4255952381	57424.4791666667	0.0391369047619048	6.66830357142857	96.9	99.6
312	17	12	2001	0.943396226415094	67845.2678571429	67492.4255952381	-0.202678571428571	0.0391369047619048	96.9	99.6
313	24	12	2001	0.962264150943396	59156.7470238095	67845.2678571429	3.2264880952381	-0.202678571428571	96.9	99.6
314	31	12	2001	0.981132075471698	63107.3720238095	59156.7470238095	0.23764880952381	3.2264880952381	96.9	99.6
315	7	1	2002	0.0188679245283019	65033.1994047619	63107.3720238095	2.50342261904762	0.23764880952381	101.7	99.4
316	14	1	2002	0.0377358490566038	62819.9136904762	65033.1994047619	4.8	2.50342261904762	101.7	99.4
317	21	1	2002	0.0566037735849057	58469.9970238095	62819.9136904762	8.79657738095238	4.8	101.7	99.4
318	28	1	2002	0.0754716981132075	55120.2678571429	58469.9970238095	9.94360119047619	8.79657738095238	101.7	99.4
319	4	2	2002	0.0943396226415094	56353.6339285714	55120.2678571429	8.76770833333333	9.94360119047619	97	99.3
320	11	2	2002	0.113207547169811	57264.8035714286	56353.6339285714	6.92857142857143	8.76770833333333	97	99.3
321	18	2	2002	0.132075471698113	59081.3005952381	57264.8035714286	6.28065476190476	6.92857142857143	97	99.3
322	25	2	2002	0.150943396226415	56882.5952380952	59081.3005952381	7.49583333333333	6.28065476190476	97	99.3
323	4	3	2002	0.169811320754717	54431.0595238095	56882.5952380952	8.04181547619048	7.49583333333333	105.9	99.8
324	11	3	2002	0.188679245283019	51638.4255952381	54431.0595238095	10.7546130952381	8.04181547619048	105.9	99.8
325	18	3	2002	0.207547169811321	50348.4107142857	51638.4255952381	11.4028273809524	10.7546130952381	105.9	99.8
326	25	3	2002	0.226415094339623	51318.5476190476	50348.4107142857	8.23541666666667	11.4028273809524	105.9	99.8
327	1	4	2002	0.245283018867925	46903.5505952381	51318.5476190476	11.693005952381	8.23541666666667	100.7	100.8
328	8	4	2002	0.264150943396226	50940.8660714286	46903.5505952381	9.22693452380952	11.693005952381	100.7	100.8
329	15	4	2002	0.283018867924528	49988.9761904762	50940.8660714286	9.93422619047619	9.22693452380952	100.7	100.8
330	22	4	2002	0.30188679245283	46111.3898809524	49988.9761904762	13.7261904761905	9.93422619047619	100.7	100.8
331	29	4	2002	0.320754716981132	46339.5416666667	46111.3898809524	10.5383928571429	13.7261904761905	100.7	100.8
332	6	5	2002	0.339622641509434	42839.5	46339.5416666667	13.1501488095238	10.5383928571429	93.1	100.2
333	13	5	2002	0.358490566037736	43930.7827380952	42839.5	16.2525297619048	13.1501488095238	93.1	100.2
334	20	5	2002	0.377358490566038	42471.5625	43930.7827380952	15.0508928571429	16.2525297619048	93.1	100.2
335	27	5	2002	0.39622641509434	44041.7142857143	42471.5625	15.7403273809524	15.0508928571429	93.1	100.2
336	3	6	2002	0.415094339622642	43667.3005952381	44041.7142857143	15.6383928571429	15.7403273809524	103.9	99.7
337	10	6	2002	0.433962264150943	43439.1994047619	43667.3005952381	18.7651785714286	15.6383928571429	103.9	99.7
338	17	6	2002	0.452830188679245	44218.505952381	43439.1994047619	21.9197916666667	18.7651785714286	103.9	99.7
339	24	6	2002	0.471698113207547	43866.6666666667	44218.505952381	18.4660714285714	21.9197916666667	103.9	99.7
340	1	7	2002	0.490566037735849	43867.2172619048	43866.6666666667	16.9154761904762	18.4660714285714	101.6	99.1
341	8	7	2002	0.509433962264151	43325.2470238095	43867.2172619048	18.2058035714286	16.9154761904762	101.6	99.1
342	15	7	2002	0.528301886792453	43398.4910714286	43325.2470238095	19.5520833333333	18.2058035714286	101.6	99.1
343	22	7	2002	0.547169811320755	42973.3839285714	43398.4910714286	20.835119047619	19.5520833333333	101.6	99.1
344	29	7	2002	0.566037735849057	40351.1398809524	42973.3839285714	19.4659226190476	20.835119047619	101.6	99.1
345	5	8	2002	0.584905660377358	37604.5922619048	40351.1398809524	17.7049107142857	19.4659226190476	74.7	100.4
346	12	8	2002	0.60377358490566	36394.306547619	37604.5922619048	21.1147321428571	17.7049107142857	74.7	100.4
347	19	8	2002	0.622641509433962	39889.1904761905	36394.306547619	19.4892857142857	21.1147321428571	74.7	100.4
348	26	8	2002	0.641509433962264	41782.9702380952	39889.1904761905	18.7028273809524	19.4892857142857	74.7	100.4
349	2	9	2002	0.660377358490566	42899.8244047619	41782.9702380952	17.6221726190476	18.7028273809524	103.7	99.2
350	9	9	2002	0.679245283018868	43055.1101190476	42899.8244047619	16.3349702380952	17.6221726190476	103.7	99.2
351	16	9	2002	0.69811320754717	43487.7053571429	43055.1101190476	16.8306547619048	16.3349702380952	103.7	99.2
352	23	9	2002	0.716981132075472	45676.4136904762	43487.7053571429	12.108630952381	16.8306547619048	103.7	99.2
353	30	9	2002	0.735849056603774	45832.818452381	45676.4136904762	14.3299107142857	12.108630952381	103.7	99.2
354	7	10	2002	0.754716981132076	47771.8125	45832.818452381	11.8364583333333	14.3299107142857	109.5	98.5
355	14	10	2002	0.773584905660377	49045.0863095238	47771.8125	11.6745535714286	11.8364583333333	109.5	98.5
356	21	10	2002	0.792452830188679	49270.619047619	49045.0863095238	13.2123511904762	11.6745535714286	109.5	98.5
357	28	10	2002	0.811320754716981	47603.7916666667	49270.619047619	12.2489583333333	13.2123511904762	109.5	98.5
358	4	11	2002	0.830188679245283	53297.2470238095	47603.7916666667	9.35803571428571	12.2489583333333	102	99.3
359	11	11	2002	0.849056603773585	51497.6845238095	53297.2470238095	10.1620535714286	9.35803571428571	102	99.3
360	18	11	2002	0.867924528301887	55515.0714285714	51497.6845238095	8.48020833333333	10.1620535714286	102	99.3
361	25	11	2002	0.886792452830189	56783.4077380952	55515.0714285714	8.04627976190476	8.48020833333333	102	99.3
362	2	12	2002	0.905660377358491	61211.5	56783.4077380952	5.184375	8.04627976190476	96.2	97.9
363	9	12	2002	0.924528301886792	63799.5416666667	61211.5	4.76592261904762	5.184375	96.2	97.9
364	16	12	2002	0.943396226415094	60876.8422619048	63799.5416666667	6.65997023809524	4.76592261904762	96.2	97.9
365	23	12	2002	0.962264150943396	49072.4613095238	60876.8422619048	10.1450892857143	6.65997023809524	96.2	97.9
366	30	12	2002	0.981132075471698	52170.1636904762	49072.4613095238	7.43645833333333	10.1450892857143	96.2	97.9
367	6	1	2003	0.0188679245283019	71833.4047619048	52170.1636904762	-3.10669642857143	7.43645833333333	101	98.9
368	13	1	2003	0.0377358490566038	66928.9910714286	71833.4047619048	3.0046130952381	-3.10669642857143	101	98.9
369	20	1	2003	0.0566037735849057	62397.380952381	66928.9910714286	5.87425595238095	3.0046130952381	101	98.9
370	27	1	2003	0.0754716981132075	64794.5833333333	62397.380952381	3.71949404761905	5.87425595238095	101	98.9
371	3	2	2003	0.0943396226415094	64723.0952380952	64794.5833333333	3.60565476190476	3.71949404761905	98	100
372	10	2	2003	0.113207547169811	66259.6785714286	64723.0952380952	1.19479166666667	3.60565476190476	98	100
373	17	2	2003	0.132075471698113	65912.3720238095	66259.6785714286	2.82738095238095	1.19479166666667	98	100
374	24	2	2003	0.150943396226415	57374.5148809524	65912.3720238095	8.77261904761905	2.82738095238095	98	100
375	3	3	2003	0.169811320754717	55283.0833333333	57374.5148809524	8.58735119047619	8.77261904761905	105.1	99.1
376	10	3	2003	0.188679245283019	53439.806547619	55283.0833333333	9.02172619047619	8.58735119047619	105.1	99.1
377	17	3	2003	0.207547169811321	52709.8154761905	53439.806547619	8.72276785714286	9.02172619047619	105.1	99.1
378	24	3	2003	0.226415094339623	48866.0922619048	52709.8154761905	12.8366071428571	8.72276785714286	105.1	99.1
379	31	3	2003	0.245283018867925	51373.6904761905	48866.0922619048	9.03616071428571	12.8366071428571	105.1	99.1
380	7	4	2003	0.264150943396226	55137.9047619048	51373.6904761905	6.91488095238095	9.03616071428571	99.3	99.1
381	14	4	2003	0.283018867924528	46917.1458333333	55137.9047619048	14.6723214285714	6.91488095238095	99.3	99.1
382	21	4	2003	0.30188679245283	44685.9880952381	46917.1458333333	14.4251488095238	14.6723214285714	99.3	99.1
383	28	4	2003	0.320754716981132	42972.2619047619	44685.9880952381	14.8925595238095	14.4251488095238	99.3	99.1
384	5	5	2003	0.339622641509434	42620.6577380952	42972.2619047619	15.1552083333333	14.8925595238095	89.3	96.5
385	12	5	2003	0.358490566037736	44600.4583333333	42620.6577380952	13.2653273809524	15.1552083333333	89.3	96.5
386	19	5	2003	0.377358490566038	45047.6458333333	44600.4583333333	14.658630952381	13.2653273809524	89.3	96.5
387	26	5	2003	0.39622641509434	42046.0446428571	45047.6458333333	19.303869047619	14.658630952381	89.3	96.5
388	2	6	2003	0.415094339622642	42929.6845238095	42046.0446428571	20.3572916666667	19.303869047619	100.2	96.7
389	9	6	2003	0.433962264150943	42622.0357142857	42929.6845238095	22.206994047619	20.3572916666667	100.2	96.7
390	16	6	2003	0.452830188679245	44961.8601190476	42622.0357142857	22.000744047619	22.206994047619	100.2	96.7
391	23	6	2003	0.471698113207547	45641.1160714286	44961.8601190476	22.2921130952381	22.000744047619	100.2	96.7
392	30	6	2003	0.490566037735849	44218.0089285714	45641.1160714286	18.6123511904762	22.2921130952381	100.2	96.7
393	7	7	2003	0.509433962264151	45086.0714285714	44218.0089285714	22.9453869047619	18.6123511904762	99	97.7
394	14	7	2003	0.528301886792453	43238.7083333333	45086.0714285714	23.4776785714286	22.9453869047619	99	97.7
395	21	7	2003	0.547169811320755	43987.3571428571	43238.7083333333	21.5964285714286	23.4776785714286	99	97.7
396	28	7	2003	0.566037735849057	41946.431547619	43987.3571428571	21.9965773809524	21.5964285714286	99	97.7
397	4	8	2003	0.584905660377358	40984.1369047619	41946.431547619	28.5627976190476	21.9965773809524	70.6	97.7
398	11	8	2003	0.60377358490566	38826.5595238095	40984.1369047619	25.3375	28.5627976190476	70.6	97.7
399	18	8	2003	0.622641509433962	39697.9642857143	38826.5595238095	21.6760416666667	25.3375	70.6	97.7
400	25	8	2003	0.641509433962264	42353.2142857143	39697.9642857143	20.2419642857143	21.6760416666667	70.6	97.7
401	1	9	2003	0.660377358490566	43181.3541666667	42353.2142857143	16.7738095238095	20.2419642857143	104.5	97.7
402	8	9	2003	0.679245283018868	43695.880952381	43181.3541666667	16.9559523809524	16.7738095238095	104.5	97.7
403	15	9	2003	0.69811320754717	43886.8779761905	43695.880952381	19.2563988095238	16.9559523809524	104.5	97.7
404	22	9	2003	0.716981132075472	44174.806547619	43886.8779761905	15.1107142857143	19.2563988095238	104.5	97.7
405	29	9	2003	0.735849056603774	45375.5357142857	44174.806547619	14.8873511904762	15.1107142857143	104.5	97.7
406	6	10	2003	0.754716981132076	48085.6339285714	45375.5357142857	13.0111607142857	14.8873511904762	110	100
407	13	10	2003	0.773584905660377	49271.0892857143	48085.6339285714	11.0348214285714	13.0111607142857	110	100
408	20	10	2003	0.792452830188679	56235.4166666667	49271.0892857143	6.12946428571429	11.0348214285714	110	100
409	27	10	2003	0.811320754716981	56928.8422619048	56235.4166666667	7.64791666666667	6.12946428571429	110	100
410	3	11	2003	0.830188679245283	55514.7291666667	56928.8422619048	8.77127976190476	7.64791666666667	99.8	98.5
411	10	11	2003	0.849056603773585	54204.7857142857	55514.7291666667	8.54732142857143	8.77127976190476	99.8	98.5
412	17	11	2003	0.867924528301887	55936.5625	54204.7857142857	10.1318452380952	8.54732142857143	99.8	98.5
413	24	11	2003	0.886792452830189	57421.6279761905	55936.5625	7.85446428571429	10.1318452380952	99.8	98.5
414	1	12	2003	0.905660377358491	60566.1636904762	57421.6279761905	6.57633928571429	7.85446428571429	99.6	98.7
415	8	12	2003	0.924528301886792	62510.1755952381	60566.1636904762	5.55729166666667	6.57633928571429	99.6	98.7
416	15	12	2003	0.943396226415094	63115.193452381	62510.1755952381	5.24107142857143	5.55729166666667	99.6	98.7
417	22	12	2003	0.962264150943396	57774.8779761905	63115.193452381	4.92217261904762	5.24107142857143	99.6	98.7
418	29	12	2003	0.981132075471698	61268.3958333333	57774.8779761905	1.39270833333333	4.92217261904762	99.6	98.7
419	5	1	2004	0.0188679245283019	63731.755952381	61268.3958333333	6.23973214285714	1.39270833333333	98.6	98.8
420	12	1	2004	0.0377358490566038	61735.6607142857	63731.755952381	7.18809523809524	6.23973214285714	98.6	98.8
421	19	1	2004	0.0566037735849057	63705.5	61735.6607142857	5.06681547619048	7.18809523809524	98.6	98.8
422	26	1	2004	0.0754716981132075	65664.8988095238	63705.5	3.7889880952381	5.06681547619048	98.6	98.8
423	2	2	2004	0.0943396226415094	58280.3392857143	65664.8988095238	9.19122023809524	3.7889880952381	98.4	99.7
424	9	2	2004	0.113207547169811	60764.4880952381	58280.3392857143	4.78035714285714	9.19122023809524	98.4	99.7
425	16	2	2004	0.132075471698113	62813.1785714286	60764.4880952381	4.77127976190476	4.78035714285714	98.4	99.7
426	23	2	2004	0.150943396226415	65959.5029761905	62813.1785714286	1.31369047619048	4.77127976190476	98.4	99.7
427	1	3	2004	0.169811320754717	63510.4613095238	65959.5029761905	4.42916666666667	1.31369047619048	110.7	100
428	8	3	2004	0.188679245283019	62768.7113095238	63510.4613095238	4.81889880952381	4.42916666666667	110.7	100
429	15	3	2004	0.207547169811321	52661.119047619	62768.7113095238	11.927380952381	4.81889880952381	110.7	100
430	22	3	2004	0.226415094339623	58843.9196428571	52661.119047619	5.371875	11.927380952381	110.7	100
431	29	3	2004	0.245283018867925	52905.5714285714	58843.9196428571	11.0967261904762	5.371875	110.7	100
432	5	4	2004	0.264150943396226	54815.7589285714	52905.5714285714	7.65877976190476	11.0967261904762	99.9	100.3
433	12	4	2004	0.283018867924528	51398.9702380952	54815.7589285714	9.94092261904762	7.65877976190476	99.9	100.3
434	19	4	2004	0.30188679245283	49490.5863095238	51398.9702380952	12.4159226190476	9.94092261904762	99.9	100.3
435	26	4	2004	0.320754716981132	46653.1785714286	49490.5863095238	12.9139880952381	12.4159226190476	99.9	100.3
436	3	5	2004	0.339622641509434	49992.2827380952	46653.1785714286	10.1611607142857	12.9139880952381	91.9	99.6
437	10	5	2004	0.358490566037736	47394.6904761905	49992.2827380952	13.3504464285714	10.1611607142857	91.9	99.6
438	17	5	2004	0.377358490566038	42204.0238095238	47394.6904761905	16.4659226190476	13.3504464285714	91.9	99.6
439	24	5	2004	0.39622641509434	44341.2708333333	42204.0238095238	15.6936011904762	16.4659226190476	91.9	99.6
440	31	5	2004	0.415094339622642	43104.369047619	44341.2708333333	16.7063988095238	15.6936011904762	91.9	99.6
441	7	6	2004	0.433962264150943	44648.4910714286	43104.369047619	20.2516369047619	16.7063988095238	108.8	100
442	14	6	2004	0.452830188679245	44304.2470238095	44648.4910714286	18.0041666666667	20.2516369047619	108.8	100
443	21	6	2004	0.471698113207547	44776.6845238095	44304.2470238095	18.2925595238095	18.0041666666667	108.8	100
444	28	6	2004	0.490566037735849	45184.5892857143	44776.6845238095	18.9922619047619	18.2925595238095	108.8	100
445	5	7	2004	0.509433962264151	44565.5476190476	45184.5892857143	17.128869047619	18.9922619047619	98.5	100.2
446	12	7	2004	0.528301886792453	43256.0416666667	44565.5476190476	19.0360119047619	17.128869047619	98.5	100.2
447	19	7	2004	0.547169811320755	44537.7083333333	43256.0416666667	21.5224702380952	19.0360119047619	98.5	100.2
448	26	7	2004	0.566037735849057	43609.1130952381	44537.7083333333	21.7511904761905	21.5224702380952	98.5	100.2
449	2	8	2004	0.584905660377358	40362.8452380952	43609.1130952381	22.8034226190476	21.7511904761905	72.8	97
450	9	8	2004	0.60377358490566	38663.4583333333	40362.8452380952	20.993005952381	22.8034226190476	72.8	97
451	16	8	2004	0.622641509433962	39335.2232142857	38663.4583333333	19.0090773809524	20.993005952381	72.8	97
452	23	8	2004	0.641509433962264	41851.943452381	39335.2232142857	18.0903273809524	19.0090773809524	72.8	97
453	30	8	2004	0.660377358490566	43997.5535714286	41851.943452381	19.4278273809524	18.0903273809524	72.8	97
454	6	9	2004	0.679245283018868	44777.9583333333	43997.5535714286	20.8638392857143	19.4278273809524	107.9	100.2
455	13	9	2004	0.69811320754717	44438.4880952381	44777.9583333333	15.8581845238095	20.8638392857143	107.9	100.2
456	20	9	2004	0.716981132075472	45594.4404761905	44438.4880952381	14.7227678571429	15.8581845238095	107.9	100.2
457	27	9	2004	0.735849056603774	46348.9404761905	45594.4404761905	15.5267857142857	14.7227678571429	107.9	100.2
458	4	10	2004	0.754716981132076	47217.9910714286	46348.9404761905	14.980505952381	15.5267857142857	106.2	100.5
459	11	10	2004	0.773584905660377	50505.6339285714	47217.9910714286	11.2052083333333	14.980505952381	106.2	100.5
460	18	10	2004	0.792452830188679	49821.181547619	50505.6339285714	14.5854166666667	11.2052083333333	106.2	100.5
461	25	10	2004	0.811320754716981	50340.056547619	49821.181547619	11.7376488095238	14.5854166666667	106.2	100.5
462	1	11	2004	0.830188679245283	52618.5446428571	50340.056547619	10.2739583333333	11.7376488095238	103.9	99.9
463	8	11	2004	0.849056603773585	57450.494047619	52618.5446428571	5.87470238095238	10.2739583333333	103.9	99.9
464	15	11	2004	0.867924528301887	60983.375	57450.494047619	6.596875	5.87470238095238	103.9	99.9
465	22	11	2004	0.886792452830189	59353.8422619048	60983.375	7.49241071428571	6.596875	103.9	99.9
466	29	11	2004	0.905660377358491	62555.0178571429	59353.8422619048	5.47872023809524	7.49241071428571	103.9	99.9
467	6	12	2004	0.924528301886792	66416.6130952381	62555.0178571429	3.08973214285714	5.47872023809524	103.4	100.2
468	13	12	2004	0.943396226415094	66129.9136904762	66416.6130952381	4.42247023809524	3.08973214285714	103.4	100.2
469	20	12	2004	0.962264150943396	62693.2053571429	66129.9136904762	3.68258928571429	4.42247023809524	103.4	100.2
470	27	12	2004	0.981132075471698	59671.2470238095	62693.2053571429	5.1328869047619	3.68258928571429	103.4	100.2
471	3	1	2005	1	62745.7023809524	59671.2470238095	6.72619047619048	5.1328869047619	100.9	101.3
472	10	1	2005	0.0188679245283019	63637.2053571429	62745.7023809524	5.13169642857143	6.72619047619048	100.9	101.3
473	17	1	2005	0.0377358490566038	63379.7589285714	63637.2053571429	6.32083333333333	5.13169642857143	100.9	101.3
474	24	1	2005	0.0566037735849057	70525.4494047619	63379.7589285714	-0.0811011904761905	6.32083333333333	100.9	101.3
475	31	1	2005	0.0754716981132075	67055.0714285714	70525.4494047619	4.21681547619048	-0.0811011904761905	100.9	101.3
476	7	2	2005	0.0943396226415094	63285.7946428571	67055.0714285714	6.3922619047619	4.21681547619048	98.5	100.4
477	14	2	2005	0.113207547169811	67468.3154761905	63285.7946428571	1.97470238095238	6.3922619047619	98.5	100.4
478	21	2	2005	0.132075471698113	70693.6755952381	67468.3154761905	-0.391815476190476	1.97470238095238	98.5	100.4
479	28	2	2005	0.150943396226415	72451.7380952381	70693.6755952381	-0.567708333333333	-0.391815476190476	98.5	100.4
480	7	3	2005	0.169811320754717	66309.0982142857	72451.7380952381	4.04583333333333	-0.567708333333333	107	98.7
481	14	3	2005	0.188679245283019	54087.9345238095	66309.0982142857	11.1379464285714	4.04583333333333	107	98.7
482	21	3	2005	0.207547169811321	50375.8244047619	54087.9345238095	12.240625	11.1379464285714	107	98.7
483	28	3	2005	0.226415094339623	48998.1636904762	50375.8244047619	11.847619047619	12.240625	107	98.7
484	4	4	2005	0.245283018867925	52728.6428571429	48998.1636904762	9.18809523809524	11.847619047619	100.2	100.2
485	11	4	2005	0.264150943396226	52822.5267857143	52728.6428571429	9.684375	9.18809523809524	100.2	100.2
486	18	4	2005	0.283018867924528	51311.005952381	52822.5267857143	10.6928571428571	9.684375	100.2	100.2
487	25	4	2005	0.30188679245283	47139.0922619048	51311.005952381	15.3630952380952	10.6928571428571	100.2	100.2
488	2	5	2005	0.320754716981132	43440.3839285714	47139.0922619048	13.7297619047619	15.3630952380952	96	99.5
489	9	5	2005	0.339622641509434	46840.5654761905	43440.3839285714	12.6488095238095	13.7297619047619	96	99.5
490	16	5	2005	0.358490566037736	45157.2976190476	46840.5654761905	13.878125	12.6488095238095	96	99.5
491	23	5	2005	0.377358490566038	44854.7142857143	45157.2976190476	18.8056547619048	13.878125	96	99.5
492	30	5	2005	0.39622641509434	44345.9910714286	44854.7142857143	16.8266369047619	18.8056547619048	96	99.5
493	6	6	2005	0.415094339622642	44565.8482142857	44345.9910714286	15.597619047619	16.8266369047619	108.3	99.6
494	13	6	2005	0.433962264150943	45193.7916666667	44565.8482142857	20.1941964285714	15.597619047619	108.3	99.6
495	20	6	2005	0.452830188679245	46253.5178571429	45193.7916666667	23.625	20.1941964285714	108.3	99.6
496	27	6	2005	0.471698113207547	45835.9166666667	46253.5178571429	21.9392857142857	23.625	108.3	99.6
497	4	7	2005	0.490566037735849	44539.0386904762	45835.9166666667	17.2738095238095	21.9392857142857	94.8	99.2
498	11	7	2005	0.509433962264151	43847.125	44539.0386904762	23.2404761904762	17.2738095238095	94.8	99.2
499	18	7	2005	0.528301886792453	44934.744047619	43847.125	20.1043154761905	23.2404761904762	94.8	99.2
500	25	7	2005	0.547169811320755	43798.7619047619	44934.744047619	21.3404761904762	20.1043154761905	94.8	99.2
501	1	8	2005	0.566037735849057	39808.4077380952	43798.7619047619	18.9565476190476	21.3404761904762	74.5	98.7
502	8	8	2005	0.584905660377358	38960.5833333333	39808.4077380952	18.9931547619048	18.9565476190476	74.5	98.7
503	15	8	2005	0.60377358490566	38714.9255952381	38960.5833333333	18.7965773809524	18.9931547619048	74.5	98.7
504	22	8	2005	0.622641509433962	41946.5714285714	38714.9255952381	17.6686011904762	18.7965773809524	74.5	98.7
505	29	8	2005	0.641509433962264	44826.755952381	41946.5714285714	22.1779761904762	17.6686011904762	74.5	98.7
506	5	9	2005	0.660377358490566	44731.6011904762	44826.755952381	19.3949404761905	22.1779761904762	108.6	101.1
507	12	9	2005	0.679245283018868	44736.5505952381	44731.6011904762	16.5912202380952	19.3949404761905	108.6	101.1
508	19	9	2005	0.69811320754717	45435.2589285714	44736.5505952381	15.0553571428571	16.5912202380952	108.6	101.1
509	26	9	2005	0.716981132075472	45986.4642857143	45435.2589285714	14.6860119047619	15.0553571428571	108.6	101.1
510	3	10	2005	0.735849056603774	47713.8958333333	45986.4642857143	13.6502976190476	14.6860119047619	102.6	97.4
511	10	10	2005	0.754716981132076	46864.3779761905	47713.8958333333	15.8084821428571	13.6502976190476	102.6	97.4
512	17	10	2005	0.773584905660377	48163.8363095238	46864.3779761905	14.3175595238095	15.8084821428571	102.6	97.4
513	24	10	2005	0.792452830188679	47189.755952381	48163.8363095238	16.2364583333333	14.3175595238095	102.6	97.4
514	31	10	2005	0.811320754716981	47175.943452381	47189.755952381	13.0669642857143	16.2364583333333	102.6	97.4
515	7	11	2005	0.830188679245283	52726.2708333333	47175.943452381	9.64255952380952	13.0669642857143	105.9	101.6
516	14	11	2005	0.849056603773585	60270.068452381	52726.2708333333	5.04925595238095	9.64255952380952	105.9	101.6
517	21	11	2005	0.867924528301887	66318.3779761905	60270.068452381	2.18258928571429	5.04925595238095	105.9	101.6
518	28	11	2005	0.886792452830189	65663.0565476191	66318.3779761905	4.74761904761905	2.18258928571429	105.9	101.6
519	5	12	2005	0.905660377358491	66657.0863095238	65663.0565476191	3.98720238095238	4.74761904761905	102.7	100.3
520	12	12	2005	0.924528301886792	68290.0416666667	66657.0863095238	3.8671130952381	3.98720238095238	102.7	100.3
521	19	12	2005	0.943396226415094	68535.3035714286	68290.0416666667	2.10252976190476	3.8671130952381	102.7	100.3
522	26	12	2005	0.962264150943396	67245.5178571429	68535.3035714286	0.926041666666667	2.10252976190476	102.7	100.3
523	2	1	2006	0.981132075471698	69031.9613095238	67245.5178571429	2.73020833333333	0.926041666666667	102	100.5
524	9	1	2006	0.0188679245283019	69653.3571428571	69031.9613095238	2.35059523809524	2.73020833333333	102	100.5
525	16	1	2006	0.0377358490566038	65399.2767857143	69653.3571428571	5.90357142857143	2.35059523809524	102	100.5
526	23	1	2006	0.0566037735849057	72539.7023809524	65399.2767857143	0.118452380952381	5.90357142857143	102	100.5
527	30	1	2006	0.0754716981132075	72332.3095238095	72539.7023809524	0.833482142857143	0.118452380952381	102	100.5
528	6	2	2006	0.0943396226415094	69674.3392857143	72332.3095238095	2.95699404761905	0.833482142857143	97.3	99.3
529	13	2	2006	0.113207547169811	64622.119047619	69674.3392857143	6.42336309523809	2.95699404761905	97.3	99.3
530	20	2	2006	0.132075471698113	66698.7857142857	64622.119047619	3.396875	6.42336309523809	97.3	99.3
531	27	2	2006	0.150943396226415	67515.9523809524	66698.7857142857	2.64375	3.396875	97.3	99.3
532	6	3	2006	0.169811320754717	64467.2321428571	67515.9523809524	5.28958333333333	2.64375	111.5	100.9
533	13	3	2006	0.188679245283019	64313.5505952381	64467.2321428571	4.1891369047619	5.28958333333333	111.5	100.9
534	20	3	2006	0.207547169811321	58036.4017857143	64313.5505952381	9.66458333333333	4.1891369047619	111.5	100.9
535	27	3	2006	0.226415094339623	51866.005952381	58036.4017857143	12.0497023809524	9.66458333333333	111.5	100.9
536	3	4	2006	0.245283018867925	53937.2857142857	51866.005952381	8.41294642857143	12.0497023809524	95.4	100.2
537	10	4	2006	0.264150943396226	54458.9732142857	53937.2857142857	9.83720238095238	8.41294642857143	95.4	100.2
538	17	4	2006	0.283018867924528	48049.6577380952	54458.9732142857	12.69375	9.83720238095238	95.4	100.2
539	24	4	2006	0.30188679245283	47468.1428571429	48049.6577380952	12.5849702380952	12.69375	95.4	100.2
540	1	5	2006	0.320754716981132	45016.8333333333	47468.1428571429	15.4940476190476	12.5849702380952	98.2	102
541	8	5	2006	0.339622641509434	45416.6547619048	45016.8333333333	13.600744047619	15.4940476190476	98.2	102
542	15	5	2006	0.358490566037736	45484.8333333333	45416.6547619048	16.5683035714286	13.600744047619	98.2	102
543	22	5	2006	0.377358490566038	44095.125	45484.8333333333	15.3808035714286	16.5683035714286	98.2	102
544	29	5	2006	0.39622641509434	46525.8273809524	44095.125	12.7813988095238	15.3808035714286	98.2	102
545	5	6	2006	0.415094339622642	44441.7053571429	46525.8273809524	18.785119047619	12.7813988095238	108.3	102
546	12	6	2006	0.433962264150943	46249.7023809524	44441.7053571429	21.3678571428571	18.785119047619	108.3	102
547	19	6	2006	0.452830188679245	45878.6458333333	46249.7023809524	19.7470238095238	21.3678571428571	108.3	102
548	26	6	2006	0.471698113207547	46187.5922619048	45878.6458333333	21.9614583333333	19.7470238095238	108.3	102
549	3	7	2006	0.490566037735849	46205.6071428571	46187.5922619048	22.0053571428571	21.9614583333333	96.7	100.1
550	10	7	2006	0.509433962264151	45331.3333333333	46205.6071428571	23.6730654761905	22.0053571428571	96.7	100.1
551	17	7	2006	0.528301886792453	47037.5833333333	45331.3333333333	25.678125	23.6730654761905	96.7	100.1
552	24	7	2006	0.547169811320755	45578.8839285714	47037.5833333333	24.563244047619	25.678125	96.7	100.1
553	31	7	2006	0.566037735849057	40654.4464285714	45578.8839285714	19.4377976190476	24.563244047619	96.7	100.1
554	7	8	2006	0.584905660377358	39603.7291666667	40654.4464285714	18.0800595238095	19.4377976190476	76	100.4
555	14	8	2006	0.60377358490566	38254.1547619048	39603.7291666667	18.0574404761905	18.0800595238095	76	100.4
556	21	8	2006	0.622641509433962	42039.8422619048	38254.1547619048	17.7653273809524	18.0574404761905	76	100.4
557	28	8	2006	0.641509433962264	44567.2053571429	42039.8422619048	17.7169642857143	17.7653273809524	76	100.4
558	4	9	2006	0.660377358490566	45975.5803571429	44567.2053571429	20.6660714285714	17.7169642857143	106.6	101.4
559	11	9	2006	0.679245283018868	45739.7470238095	45975.5803571429	19.4099702380952	20.6660714285714	106.6	101.4
560	18	9	2006	0.69811320754717	45505.9464285714	45739.7470238095	18.2438988095238	19.4099702380952	106.6	101.4
561	25	9	2006	0.716981132075472	45470.0654761905	45505.9464285714	16.7318452380952	18.2438988095238	106.6	101.4
562	2	10	2006	0.735849056603774	46848.6696428571	45470.0654761905	14.35625	16.7318452380952	108.2	100.2
563	9	10	2006	0.754716981132076	47564.7083333333	46848.6696428571	15.1345238095238	14.35625	108.2	100.2
564	16	10	2006	0.773584905660377	48305.1845238095	47564.7083333333	14.9370535714286	15.1345238095238	108.2	100.2
565	23	10	2006	0.792452830188679	47772.744047619	48305.1845238095	16.2004464285714	14.9370535714286	108.2	100.2
566	30	10	2006	0.811320754716981	51866.0148809524	47772.744047619	8.32589285714286	16.2004464285714	108.2	100.2
567	6	11	2006	0.830188679245283	57086.4494047619	51866.0148809524	8.87425595238095	8.32589285714286	106.2	100.5
568	13	11	2006	0.849056603773585	54542.0119047619	57086.4494047619	11.7133928571429	8.87425595238095	106.2	100.5
569	20	11	2006	0.867924528301887	56540.9970238095	54542.0119047619	10.8828869047619	11.7133928571429	106.2	100.5
570	27	11	2006	0.886792452830189	57821.8452380952	56540.9970238095	9.43184523809524	10.8828869047619	106.2	100.5
571	4	12	2006	0.905660377358491	59493.9642857143	57821.8452380952	8.92574404761905	9.43184523809524	99.3	101.8
572	11	12	2006	0.924528301886792	65295.8363095238	59493.9642857143	5.36934523809524	8.92574404761905	99.3	101.8
573	18	12	2006	0.943396226415094	68740.8869047619	65295.8363095238	2.19494047619048	5.36934523809524	99.3	101.8
574	25	12	2006	0.962264150943396	64942.5357142857	68740.8869047619	3.38050595238095	2.19494047619048	99.3	101.8
575	1	1	2007	0.981132075471698	59449.2976190476	64942.5357142857	8.36666666666667	3.38050595238095	102.8	100.3
576	8	1	2007	0.0188679245283019	59107.2767857143	59449.2976190476	10.0339285714286	8.36666666666667	102.8	100.3
577	15	1	2007	0.0377358490566038	59280.7529761905	59107.2767857143	9.78467261904762	10.0339285714286	102.8	100.3
578	22	1	2007	0.0566037735849057	70667.4583333333	59280.7529761905	1.1139880952381	9.78467261904762	102.8	100.3
579	29	1	2007	0.0754716981132075	66865.0029761905	70667.4583333333	5.48645833333333	1.1139880952381	102.8	100.3
580	5	2	2007	0.0943396226415094	64103.1636904762	66865.0029761905	6.37068452380952	5.48645833333333	99.3	101.5
581	12	2	2007	0.113207547169811	61184.9285714286	64103.1636904762	8.44375	6.37068452380952	99.3	101.5
582	19	2	2007	0.132075471698113	59029.2083333333	61184.9285714286	8.62559523809524	8.44375	99.3	101.5
583	26	2	2007	0.150943396226415	57703.7857142857	59029.2083333333	10.066369047619	8.62559523809524	99.3	101.5
584	5	3	2007	0.169811320754717	57120.8035714286	57703.7857142857	8.80461309523809	10.066369047619	110.8	102.4
585	12	3	2007	0.188679245283019	55558.2232142857	57120.8035714286	9.21369047619048	8.80461309523809	110.8	102.4
586	19	3	2007	0.207547169811321	62975.3333333333	55558.2232142857	4.73065476190476	9.21369047619048	110.8	102.4
587	26	3	2007	0.226415094339623	57678.3541666667	62975.3333333333	8.47440476190476	4.73065476190476	110.8	102.4
588	2	4	2007	0.245283018867925	53454.2470238095	57678.3541666667	10.7688988095238	8.47440476190476	97.3	100.6
589	9	4	2007	0.264150943396226	47487.0714285714	53454.2470238095	14.896875	10.7688988095238	97.3	100.6
590	16	4	2007	0.283018867924528	46552.2886904762	47487.0714285714	15.1029761904762	14.896875	97.3	100.6
591	23	4	2007	0.30188679245283	46029.8928571429	46552.2886904762	17.7919642857143	15.1029761904762	97.3	100.6
592	30	4	2007	0.320754716981132	44406.2232142857	46029.8928571429	14.259375	17.7919642857143	97.3	100.6
593	7	5	2007	0.339622641509434	44949.8779761905	44406.2232142857	16.2660714285714	14.259375	96.7	102.6
594	14	5	2007	0.358490566037736	45260.5357142857	44949.8779761905	14.7428571428571	16.2660714285714	96.7	102.6
595	21	5	2007	0.377358490566038	46274.2619047619	45260.5357142857	18.1197916666667	14.7428571428571	96.7	102.6
596	28	5	2007	0.39622641509434	45872.0029761905	46274.2619047619	14.08125	18.1197916666667	96.7	102.6
597	4	6	2007	0.415094339622642	45732.9375	45872.0029761905	19.4764880952381	14.08125	108	101.9
598	11	6	2007	0.433962264150943	45559.4880952381	45732.9375	18.6674107142857	19.4764880952381	108	101.9
599	18	6	2007	0.452830188679245	45608.3571428571	45559.4880952381	19.1325892857143	18.6674107142857	108	101.9
600	25	6	2007	0.471698113207547	45556.5327380952	45608.3571428571	16.7361607142857	19.1325892857143	108	101.9
601	2	7	2007	0.490566037735849	45578.5416666667	45556.5327380952	17.3572916666667	16.7361607142857	102.1	102.9
602	9	7	2007	0.509433962264151	45509.2708333333	45578.5416666667	18.7936011904762	17.3572916666667	102.1	102.9
603	16	7	2007	0.528301886792453	46100.3482142857	45509.2708333333	19.9611607142857	18.7936011904762	102.1	102.9
604	23	7	2007	0.547169811320755	44768	46100.3482142857	19.4635416666667	19.9611607142857	102.1	102.9
605	30	7	2007	0.566037735849057	42526.5089285714	44768	19.6666666666667	19.4635416666667	102.1	102.9
606	6	8	2007	0.584905660377358	40506.0863095238	42526.5089285714	17.6456845238095	19.6666666666667	78.1	102.8
607	13	8	2007	0.60377358490566	39174.0714285714	40506.0863095238	18.4849702380952	17.6456845238095	78.1	102.8
608	20	8	2007	0.622641509433962	42595.2291666667	39174.0714285714	17.8248511904762	18.4849702380952	78.1	102.8
609	27	8	2007	0.641509433962264	44879.9672619048	42595.2291666667	17.9833333333333	17.8248511904762	78.1	102.8
610	3	9	2007	0.660377358490566	45847.3005952381	44879.9672619048	16.1989583333333	17.9833333333333	103.7	101.5
611	10	9	2007	0.679245283018868	46431.9404761905	45847.3005952381	16.8232142857143	16.1989583333333	103.7	101.5
612	17	9	2007	0.69811320754717	46691.3452380952	46431.9404761905	14.8897321428571	16.8232142857143	103.7	101.5
613	24	9	2007	0.716981132075472	48390.8958333333	46691.3452380952	13.0135416666667	14.8897321428571	103.7	101.5
614	1	10	2007	0.735849056603774	48256.0208333333	48390.8958333333	16.3916666666667	13.0135416666667	115	103.4
615	8	10	2007	0.754716981132076	49633.5535714286	48256.0208333333	12.9436011904762	16.3916666666667	115	103.4
616	15	10	2007	0.773584905660377	51795.4553571429	49633.5535714286	10.7392857142857	12.9436011904762	115	103.4
617	22	10	2007	0.792452830188679	58591.6875	51795.4553571429	7.99925595238095	10.7392857142857	115	103.4
618	29	10	2007	0.811320754716981	54833.5148809524	58591.6875	9.77247023809524	7.99925595238095	115	103.4
619	5	11	2007	0.830188679245283	59290.6964285714	54833.5148809524	8.37098214285714	9.77247023809524	108.4	102.1
620	12	11	2007	0.849056603773585	65564.2886904762	59290.6964285714	3.24955357142857	8.37098214285714	108.4	102.1
621	19	11	2007	0.867924528301887	62936.0714285714	65564.2886904762	7.90133928571429	3.24955357142857	108.4	102.1
622	26	11	2007	0.886792452830189	64953.8273809524	62936.0714285714	6.32767857142857	7.90133928571429	108.4	102.1
623	3	12	2007	0.905660377358491	61580.4375	64953.8273809524	9.33824404761905	6.32767857142857	99	101.8
624	10	12	2007	0.924528301886792	71075.5208333333	61580.4375	2.66473214285714	9.33824404761905	99	101.8
625	17	12	2007	0.943396226415094	75399.8779761905	71075.5208333333	-0.102232142857143	2.66473214285714	99	101.8
626	24	12	2007	0.962264150943396	65410.1279761905	75399.8779761905	3.36369047619048	-0.102232142857143	99	101.8
627	31	12	2007	0.981132075471698	65815.1488095238	65410.1279761905	4.84107142857143	3.36369047619048	99	101.8
628	7	1	2008	0.0188679245283019	65251.8958333333	65815.1488095238	7.16130952380952	4.84107142857143	105	102.6
629	14	1	2008	0.0377358490566038	63966.9136904762	65251.8958333333	8.89851190476191	7.16130952380952	105	102.6
630	21	1	2008	0.0566037735849057	64893.4226190476	63966.9136904762	5.77306547619048	8.89851190476191	105	102.6
631	28	1	2008	0.0754716981132075	69226.3184523809	64893.4226190476	3.97886904761905	5.77306547619048	105	102.6
632	4	2	2008	0.0943396226415094	65010.4791666667	69226.3184523809	6.66369047619048	3.97886904761905	104	103.2
633	11	2	2008	0.113207547169811	66509.6607142857	65010.4791666667	3.92113095238095	6.66369047619048	104	103.2
634	18	2	2008	0.132075471698113	61758.3273809524	66509.6607142857	7.96354166666667	3.92113095238095	104	103.2
635	25	2	2008	0.150943396226415	58013.0148809524	61758.3273809524	10.480505952381	7.96354166666667	104	103.2
636	3	3	2008	0.169811320754717	62910.9761904762	58013.0148809524	5.97633928571429	10.480505952381	105.5	102.3
637	10	3	2008	0.188679245283019	59832.8601190476	62910.9761904762	9.99568452380952	5.97633928571429	105.5	102.3
638	17	3	2008	0.207547169811321	63488.7738095238	59832.8601190476	5.39092261904762	9.99568452380952	105.5	102.3
639	24	3	2008	0.226415094339623	61215.318452381	63488.7738095238	7.05758928571429	5.39092261904762	105.5	102.3
640	31	3	2008	0.245283018867925	57276.3928571429	61215.318452381	9.30297619047619	7.05758928571429	105.5	102.3
641	7	4	2008	0.264150943396226	59053.7351190476	57276.3928571429	7.94672619047619	9.30297619047619	105.9	104.5
642	14	4	2008	0.283018867924528	56731.5029761905	59053.7351190476	9.25520833333333	7.94672619047619	105.9	104.5
643	21	4	2008	0.30188679245283	51597.2529761905	56731.5029761905	13.2973214285714	9.25520833333333	105.9	104.5
644	28	4	2008	0.320754716981132	47904.1160714286	51597.2529761905	13.0346726190476	13.2973214285714	105.9	104.5
645	5	5	2008	0.339622641509434	44113.5625	47904.1160714286	17.5739583333333	13.0346726190476	93.9	99.6
646	12	5	2008	0.358490566037736	44889.1607142857	44113.5625	16.1247023809524	17.5739583333333	93.9	99.6
647	19	5	2008	0.377358490566038	46271.9791666667	44889.1607142857	15.4010416666667	16.1247023809524	93.9	99.6
648	26	5	2008	0.39622641509434	46617.0803571429	46271.9791666667	17.1193452380952	15.4010416666667	93.9	99.6
649	2	6	2008	0.415094339622642	46492.6339285714	46617.0803571429	15.5135416666667	17.1193452380952	104.8	99.8
650	9	6	2008	0.433962264150943	45869.3839285714	46492.6339285714	16.4083333333333	15.5135416666667	104.8	99.8
651	16	6	2008	0.452830188679245	46287.3154761905	45869.3839285714	18.672619047619	16.4083333333333	104.8	99.8
652	23	6	2008	0.471698113207547	46880.1726190476	46287.3154761905	20.8419642857143	18.672619047619	104.8	99.8
653	30	6	2008	0.490566037735849	46856.5267857143	46880.1726190476	19.7697916666667	20.8419642857143	104.8	99.8
654	7	7	2008	0.509433962264151	46120.8363095238	46856.5267857143	18.069494047619	19.7697916666667	102	100.7
655	14	7	2008	0.528301886792453	45064.7291666667	46120.8363095238	18.986755952381	18.069494047619	102	100.7
656	21	7	2008	0.547169811320755	46187.0803571429	45064.7291666667	20.1001488095238	18.986755952381	102	100.7
657	28	7	2008	0.566037735849057	44921.8244047619	46187.0803571429	21.9678571428571	20.1001488095238	102	100.7
658	4	8	2008	0.584905660377358	41830.4464285714	44921.8244047619	20.7584821428571	21.9678571428571	72.3	99.8
659	11	8	2008	0.60377358490566	39358.8303571429	41830.4464285714	17.881994047619	20.7584821428571	72.3	99.8
660	18	8	2008	0.622641509433962	42012.130952381	39358.8303571429	17.8427083333333	17.881994047619	72.3	99.8
661	25	8	2008	0.641509433962264	45282.3333333333	42012.130952381	19.6433035714286	17.8427083333333	72.3	99.8
662	1	9	2008	0.660377358490566	46320.3303571429	45282.3333333333	17.5379464285714	19.6433035714286	105.4	98.6
663	8	9	2008	0.679245283018868	46301.8511904762	46320.3303571429	16.7470238095238	17.5379464285714	105.4	98.6
664	15	9	2008	0.69811320754717	47385.1398809524	46301.8511904762	13.2848214285714	16.7470238095238	105.4	98.6
665	22	9	2008	0.716981132075472	48594.8035714286	47385.1398809524	13.1011904761905	13.2848214285714	105.4	98.6
666	29	9	2008	0.735849056603774	51248.4226190476	48594.8035714286	11.7364583333333	13.1011904761905	105.4	98.6
667	6	10	2008	0.754716981132076	50400.6517857143	51248.4226190476	14.2154761904762	11.7364583333333	106.9	95.8
668	13	10	2008	0.773584905660377	50421.5119047619	50400.6517857143	13.0901785714286	14.2154761904762	106.9	95.8
669	20	10	2008	0.792452830188679	53913.1458333333	50421.5119047619	10.9739583333333	13.0901785714286	106.9	95.8
670	27	10	2008	0.811320754716981	58561.7023809524	53913.1458333333	7.94196428571429	10.9739583333333	106.9	95.8
671	3	11	2008	0.830188679245283	57209.5148809524	58561.7023809524	10.1183035714286	7.94196428571429	93	92.3
672	10	11	2008	0.849056603773585	56486.931547619	57209.5148809524	9.28928571428571	10.1183035714286	93	92.3
673	17	11	2008	0.867924528301887	61190.431547619	56486.931547619	7.59791666666667	9.28928571428571	93	92.3
674	24	11	2008	0.886792452830189	68783.9880952381	61190.431547619	3.16815476190476	7.59791666666667	93	92.3
675	1	12	2008	0.905660377358491	67975.9464285714	68783.9880952381	5.084375	3.16815476190476	92.2	90.4
676	8	12	2008	0.924528301886792	72000.5892857143	67975.9464285714	2.09464285714286	5.084375	92.2	90.4
677	15	12	2008	0.943396226415094	68390.7083333333	72000.5892857143	5.08080357142857	2.09464285714286	92.2	90.4
678	22	12	2008	0.962264150943396	62883.5833333333	68390.7083333333	3.46815476190476	5.08080357142857	92.2	90.4
679	29	12	2008	0.981132075471698	68245.9464285714	62883.5833333333	0.66860119047619	3.46815476190476	92.2	90.4
